32.0000 8.0000 1596.0000
32.0000 16.0000 1597.0000
16.0000 16.0000 1600.0000
8.0000 16.0000 1607.0000
16.0000 8.0000 1607.0000
8.0000 8.0000 1624.0000
32.0000 32.0000 1626.0000
4.0000 16.0000 1627.0000
32.0000 4.0000 1627.0000
16.0000 32.0000 1628.0000
8.0000 32.0000 1636.0000
4.0000 32.0000 1643.0000
16.0000 4.0000 1644.0000
2.0000 16.0000 1656.0000
4.0000 8.0000 1657.0000
2.0000 32.0000 1659.0000
2.0000 8.0000 1667.0000
8.0000 4.0000 1667.0000
1.0000 16.0000 1675.0000
32.0000 2.0000 1679.0000
4.0000 4.0000 1687.0000
1.0000 8.0000 1688.0000
16.0000 2.0000 1691.0000
1.0000 32.0000 1692.0000
0.5000 4.0000 1693.0000
0.5000 8.0000 1693.0000
0.2500 2.0000 1694.0000
2.0000 4.0000 1694.0000
8.0000 2.0000 1697.0000
0.1250 1.0000 1701.0000
0.2500 4.0000 1701.0000
0.5000 16.0000 1701.0000
0.0312 0.0312 1702.0000
0.0312 0.0625 1702.0000
0.0312 0.1250 1702.0000
0.0312 0.2500 1702.0000
0.0312 0.5000 1702.0000
0.0312 1.0000 1702.0000
0.0312 2.0000 1702.0000
0.0312 4.0000 1702.0000
0.0312 8.0000 1702.0000
0.0312 16.0000 1702.0000
0.0312 32.0000 1702.0000
0.0625 0.2500 1702.0000
0.0625 0.5000 1702.0000
0.0625 1.0000 1702.0000
0.0625 2.0000 1702.0000
0.0625 4.0000 1702.0000
0.0625 8.0000 1702.0000
0.0625 16.0000 1702.0000
0.0625 32.0000 1702.0000
0.1250 2.0000 1702.0000
0.1250 4.0000 1702.0000
0.1250 8.0000 1702.0000
0.1250 16.0000 1702.0000
0.1250 32.0000 1702.0000
0.2500 8.0000 1702.0000
0.2500 16.0000 1702.0000
0.2500 32.0000 1702.0000
0.5000 32.0000 1702.0000
32.0000 1.0000 1703.0000
4.0000 2.0000 1704.0000
0.0625 0.0312 1707.0000
0.1250 0.0625 1707.0000
0.1250 0.1250 1707.0000
2.0000 0.0312 1707.0000
0.0625 0.0625 1708.0000
0.0625 0.1250 1708.0000
0.1250 0.0312 1708.0000
0.5000 0.0312 1709.0000
0.2500 0.0312 1710.0000
4.0000 0.0312 1710.0000
0.1250 0.2500 1711.0000
0.2500 0.0625 1711.0000
0.5000 0.0625 1711.0000
1.0000 0.0312 1711.0000
0.1250 0.5000 1712.0000
0.5000 2.0000 1712.0000
1.0000 4.0000 1712.0000
8.0000 0.0312 1713.0000
1.0000 0.0625 1714.0000
0.2500 0.1250 1715.0000
2.0000 0.0625 1716.0000
4.0000 0.0625 1716.0000
0.2500 0.2500 1717.0000
0.2500 1.0000 1717.0000
0.5000 0.1250 1717.0000
16.0000 0.0312 1717.0000
8.0000 0.0625 1718.0000
16.0000 1.0000 1719.0000
32.0000 0.0312 1719.0000
0.2500 0.5000 1720.0000
1.0000 0.1250 1723.0000
2.0000 2.0000 1723.0000
16.0000 0.0625 1724.0000
0.5000 0.2500 1728.0000
0.5000 1.0000 1730.0000
2.0000 0.5000 1730.0000
32.0000 0.0625 1730.0000
0.5000 0.5000 1731.0000
2.0000 0.1250 1731.0000
4.0000 0.1250 1734.0000
32.0000 0.5000 1734.0000
4.0000 0.5000 1735.0000
16.0000 0.5000 1735.0000
8.0000 1.0000 1737.0000
16.0000 0.2500 1737.0000
8.0000 0.5000 1738.0000
1.0000 0.5000 1740.0000
1.0000 2.0000 1740.0000
4.0000 1.0000 1740.0000
8.0000 0.1250 1740.0000
32.0000 0.2500 1740.0000
1.0000 0.2500 1741.0000
2.0000 1.0000 1741.0000
1.0000 1.0000 1742.0000
2.0000 0.2500 1746.0000
8.0000 0.2500 1748.0000
32.0000 0.1250 1752.0000
4.0000 0.2500 1753.0000
16.0000 0.1250 1754.0000
